1 -1 2 -1 -2
3 -1 3 -1 4 -1 3 -1 3 -1 3 -1 5 -1 3 -1 6 -1 6 -1 7 -1 6 -1 6 -1 -2
8 -1 8 -1 -2
6 -1 -2
6 -1 -2
9 -1 -2
9 -1 -2
2 -1 -2
10 -1 10 -1 11 -1 11 -1 11 -1 12 -1 12 -1 10 -1 10 -1 6 -1 -2
8 -1 8 -1 3 -1 8 -1 -2
13 -1 2 -1 13 -1 14 -1 13 -1 -2
8 -1 3 -1 8 -1 15 -1 8 -1 16 -1 8 -1 8 -1 8 -1 8 -1 8 -1 5 -1 8 -1 8 -1 8 -1 8 -1 8 -1 3 -1 8 -1 -2
2 -1 8 -1 8 -1 17 -1 8 -1 8 -1 8 -1 8 -1 8 -1 8 -1 3 -1 3 -1 8 -1 -2
4 -1 4 -1 4 -1 5 -1 6 -1 4 -1 2 -1 4 -1 2 -1 -2
8 -1 8 -1 -2
8 -1 -2
18 -1 18 -1 13 -1 13 -1 13 -1 2 -1 -2
4 -1 2 -1 -2
8 -1 -2
13 -1 13 -1 13 -1 18 -1 2 -1 -2
19 -1 20 -1 21 -1 20 -1 -2
22 -1 23 -1 22 -1 23 -1 23 -1 2 -1 -2
18 -1 -2
24 -1 7 -1 -2
6 -1 -2
18 -1 18 -1 18 -1 18 -1 18 -1 18 -1 18 -1 8 -1 18 -1 18 -1 8 -1 8 -1 -2
8 -1 18 -1 25 -1 -2
19 -1 10 -1 7 -1 17 -1 11 -1 11 -1 26 -1 -2
20 -1 20 -1 6 -1 -2
11 -1 6 -1 -2
11 -1 6 -1 -2
27 -1 28 -1 1 -1 14 -1 29 -1 -2
18 -1 18 -1 -2
11 -1 26 -1 -2
30 -1 31 -1 11 -1 31 -1 11 -1 32 -1 -2
33 -1 34 -1 28 -1 34 -1 34 -1 2 -1 -2
35 -1 36 -1 5 -1 -2
33 -1 37 -1 37 -1 25 -1 -2
14 -1 38 -1 38 -1 26 -1 -2
17 -1 11 -1 11 -1 -2
24 -1 26 -1 26 -1 -2
11 -1 7 -1 -2
8 -1 37 -1 37 -1 37 -1 -2
24 -1 7 -1 20 -1 4 -1 2 -1 5 -1 2 -1 2 -1 4 -1 7 -1 24 -1 7 -1 39 -1 -2
18 -1 18 -1 18 -1 18 -1 18 -1 18 -1 18 -1 -2
18 -1 18 -1 18 -1 18 -1 18 -1 18 -1 18 -1 5 -1 -2
24 -1 40 -1 27 -1 26 -1 2 -1 -2
11 -1 37 -1 11 -1 11 -1 11 -1 11 -1 11 -1 11 -1 11 -1 -2
17 -1 11 -1 11 -1 -2
18 -1 -2
18 -1 18 -1 26 -1 -2
18 -1 41 -1 41 -1 28 -1 13 -1 41 -1 41 -1 39 -1 41 -1 41 -1 39 -1 9 -1 39 -1 41 -1 41 -1 8 -1 -2
24 -1 9 -1 8 -1 8 -1 26 -1 -2
38 -1 38 -1 38 -1 38 -1 -2
42 -1 40 -1 27 -1 7 -1 7 -1 7 -1 26 -1 7 -1 7 -1 39 -1 -2
23 -1 -2
18 -1 26 -1 -2
2 -1 -2
22 -1 -2
7 -1 35 -1 35 -1 35 -1 35 -1 7 -1 7 -1 7 -1 7 -1 35 -1 7 -1 7 -1 35 -1 35 -1 7 -1 -2
7 -1 7 -1 7 -1 -2
8 -1 11 -1 7 -1 7 -1 -2
14 -1 14 -1 7 -1 39 -1 9 -1 32 -1 7 -1 7 -1 7 -1 7 -1 -2
11 -1 4 -1 -2
11 -1 7 -1 7 -1 8 -1 8 -1 7 -1 8 -1 8 -1 8 -1 8 -1 -2
38 -1 38 -1 38 -1 38 -1 -2
38 -1 38 -1 6 -1 -2
4 -1 22 -1 38 -1 38 -1 38 -1 38 -1 38 -1 38 -1 38 -1 38 -1 38 -1 -2
37 -1 -2
28 -1 43 -1 28 -1 28 -1 43 -1 28 -1 44 -1 28 -1 44 -1 44 -1 44 -1 28 -1 28 -1 28 -1 -2
28 -1 24 -1 20 -1 20 -1 20 -1 4 -1 -2
17 -1 7 -1 22 -1 22 -1 22 -1 8 -1 22 -1 22 -1 22 -1 6 -1 -2
22 -1 -2
45 -1 4 -1 4 -1 4 -1 -2
14 -1 -2
35 -1 35 -1 45 -1 35 -1 -2
28 -1 28 -1 34 -1 20 -1 28 -1 28 -1 28 -1 28 -1 28 -1 28 -1 28 -1 28 -1 -2
11 -1 6 -1 -2
11 -1 6 -1 -2
17 -1 7 -1 7 -1 7 -1 7 -1 7 -1 7 -1 7 -1 7 -1 7 -1 20 -1 7 -1 7 -1 7 -1 7 -1 -2
7 -1 7 -1 7 -1 7 -1 7 -1 7 -1 20 -1 7 -1 7 -1 7 -1 7 -1 7 -1 7 -1 20 -1 20 -1 7 -1 11 -1 7 -1 7 -1 7 -1 20 -1 20 -1 7 -1 7 -1 7 -1 -2
4 -1 22 -1 22 -1 4 -1 22 -1 -2
3 -1 -2
4 -1 4 -1 28 -1 -2
28 -1 44 -1 17 -1 28 -1 39 -1 28 -1 28 -1 8 -1 44 -1 44 -1 44 -1 28 -1 11 -1 28 -1 28 -1 28 -1 28 -1 28 -1 28 -1 28 -1 -2
23 -1 28 -1 28 -1 28 -1 28 -1 28 -1 28 -1 5 -1 28 -1 -2
7 -1 7 -1 7 -1 7 -1 7 -1 20 -1 20 -1 20 -1 20 -1 20 -1 20 -1 7 -1 7 -1 7 -1 6 -1 46 -1 47 -1 46 -1 7 -1 7 -1 -2
3 -1 -2
25 -1 -2
48 -1 2 -1 39 -1 39 -1 2 -1 -2
7 -1 35 -1 35 -1 7 -1 -2
24 -1 5 -1 18 -1 -2
5 -1 5 -1 5 -1 5 -1 5 -1 5 -1 5 -1 5 -1 5 -1 5 -1 5 -1 5 -1 5 -1 5 -1 5 -1 5 -1 5 -1 5 -1 5 -1 -2
6 -1 6 -1 -2
7 -1 27 -1 27 -1 27 -1 27 -1 27 -1 27 -1 27 -1 -2
17 -1 5 -1 5 -1 5 -1 5 -1 5 -1 5 -1 18 -1 -2
49 -1 49 -1 50 -1 49 -1 50 -1 25 -1 49 -1 49 -1 49 -1 49 -1 49 -1 49 -1 50 -1 49 -1 39 -1 -2
7 -1 41 -1 7 -1 7 -1 7 -1 7 -1 -2
41 -1 34 -1 26 -1 -2
9 -1 34 -1 9 -1 9 -1 9 -1 9 -1 34 -1 34 -1 9 -1 34 -1 32 -1 -2
51 -1 34 -1 34 -1 34 -1 52 -1 34 -1 34 -1 7 -1 34 -1 34 -1 34 -1 -2
13 -1 13 -1 9 -1 13 -1 6 -1 -2
7 -1 26 -1 7 -1 -2
49 -1 49 -1 49 -1 49 -1 49 -1 49 -1 49 -1 49 -1 49 -1 49 -1 49 -1 39 -1 -2
24 -1 53 -1 35 -1 35 -1 35 -1 35 -1 35 -1 -2
49 -1 49 -1 49 -1 49 -1 49 -1 39 -1 -2
39 -1 -2
34 -1 23 -1 9 -1 9 -1 39 -1 39 -1 39 -1 39 -1 39 -1 26 -1 -2
17 -1 18 -1 18 -1 18 -1 18 -1 18 -1 18 -1 18 -1 18 -1 18 -1 18 -1 -2
20 -1 20 -1 20 -1 -2
39 -1 39 -1 39 -1 23 -1 23 -1 23 -1 23 -1 39 -1 39 -1 39 -1 -2
49 -1 49 -1 49 -1 49 -1 49 -1 49 -1 49 -1 49 -1 49 -1 49 -1 49 -1 49 -1 49 -1 49 -1 39 -1 -2
5 -1 54 -1 54 -1 5 -1 54 -1 54 -1 54 -1 54 -1 5 -1 5 -1 5 -1 5 -1 5 -1 -2
5 -1 23 -1 23 -1 23 -1 5 -1 5 -1 5 -1 5 -1 5 -1 5 -1 5 -1 55 -1 5 -1 5 -1 -2
24 -1 14 -1 2 -1 6 -1 -2
5 -1 5 -1 5 -1 5 -1 5 -1 5 -1 5 -1 5 -1 56 -1 5 -1 5 -1 5 -1 39 -1 -2
38 -1 38 -1 23 -1 38 -1 38 -1 38 -1 38 -1 23 -1 38 -1 38 -1 18 -1 18 -1 18 -1 18 -1 -2
7 -1 7 -1 7 -1 7 -1 7 -1 7 -1 7 -1 26 -1 -2
5 -1 5 -1 5 -1 5 -1 5 -1 5 -1 5 -1 5 -1 5 -1 5 -1 -2
5 -1 5 -1 5 -1 5 -1 5 -1 5 -1 5 -1 5 -1 5 -1 5 -1 5 -1 5 -1 5 -1 5 -1 5 -1 -2
5 -1 5 -1 5 -1 5 -1 5 -1 -2
18 -1 18 -1 18 -1 14 -1 8 -1 18 -1 18 -1 9 -1 18 -1 6 -1 -2
18 -1 6 -1 -2
17 -1 37 -1 57 -1 37 -1 37 -1 37 -1 -2
26 -1 2 -1 2 -1 2 -1 26 -1 26 -1 2 -1 2 -1 26 -1 39 -1 -2
18 -1 18 -1 -2
23 -1 28 -1 28 -1 28 -1 23 -1 34 -1 34 -1 34 -1 34 -1 34 -1 34 -1 34 -1 34 -1 26 -1 -2
13 -1 13 -1 39 -1 -2
25 -1 25 -1 23 -1 38 -1 2 -1 38 -1 38 -1 6 -1 -2
23 -1 39 -1 58 -1 58 -1 58 -1 58 -1 39 -1 58 -1 58 -1 23 -1 26 -1 -2
23 -1 39 -1 58 -1 58 -1 58 -1 58 -1 39 -1 58 -1 58 -1 23 -1 26 -1 -2
41 -1 23 -1 41 -1 41 -1 23 -1 41 -1 23 -1 -2
23 -1 23 -1 -2
23 -1 -2
23 -1 -2
23 -1 23 -1 34 -1 34 -1 41 -1 23 -1 59 -1 23 -1 23 -1 23 -1 6 -1 -2
41 -1 23 -1 41 -1 41 -1 23 -1 41 -1 23 -1 -2
23 -1 23 -1 -2
28 -1 28 -1 60 -1 28 -1 23 -1 28 -1 28 -1 28 -1 23 -1 23 -1 -2
23 -1 23 -1 -2
23 -1 23 -1 -2
23 -1 26 -1 32 -1 26 -1 -2
35 -1 35 -1 26 -1 -2
35 -1 7 -1 35 -1 35 -1 35 -1 35 -1 26 -1 -2
18 -1 18 -1 18 -1 18 -1 18 -1 18 -1 38 -1 38 -1 13 -1 6 -1 -2
11 -1 11 -1 6 -1 -2
23 -1 28 -1 28 -1 23 -1 28 -1 28 -1 -2
28 -1 28 -1 28 -1 -2
23 -1 28 -1 23 -1 23 -1 28 -1 34 -1 28 -1 28 -1 -2
41 -1 41 -1 41 -1 41 -1 41 -1 41 -1 -2
35 -1 23 -1 7 -1 35 -1 35 -1 23 -1 35 -1 23 -1 7 -1 35 -1 23 -1 9 -1 35 -1 23 -1 35 -1 35 -1 23 -1 7 -1 35 -1 23 -1 6 -1 -2
23 -1 39 -1 13 -1 13 -1 23 -1 23 -1 23 -1 37 -1 23 -1 23 -1 23 -1 23 -1 23 -1 -2
23 -1 23 -1 28 -1 39 -1 39 -1 41 -1 39 -1 -2
61 -1 61 -1 5 -1 5 -1 5 -1 5 -1 61 -1 5 -1 5 -1 5 -1 5 -1 11 -1 11 -1 5 -1 11 -1 11 -1 11 -1 11 -1 5 -1 6 -1 -2
1 -1 23 -1 18 -1 -2
23 -1 -2
23 -1 23 -1 2 -1 23 -1 23 -1 23 -1 23 -1 -2
5 -1 5 -1 5 -1 5 -1 5 -1 5 -1 5 -1 5 -1 11 -1 5 -1 11 -1 11 -1 11 -1 5 -1 11 -1 5 -1 11 -1 11 -1 5 -1 11 -1 5 -1 5 -1 5 -1 5 -1 11 -1 5 -1 5 -1 5 -1 6 -1 -2
23 -1 23 -1 -2
23 -1 23 -1 23 -1 -2
23 -1 23 -1 -2
23 -1 23 -1 27 -1 27 -1 27 -1 26 -1 26 -1 -2
14 -1 14 -1 14 -1 6 -1 -2
45 -1 14 -1 23 -1 8 -1 -2
14 -1 13 -1 2 -1 14 -1 6 -1 -2
7 -1 23 -1 -2
34 -1 59 -1 34 -1 34 -1 34 -1 59 -1 34 -1 34 -1 34 -1 23 -1 23 -1 23 -1 34 -1 34 -1 34 -1 39 -1 -2
34 -1 34 -1 34 -1 34 -1 5 -1 5 -1 5 -1 5 -1 5 -1 5 -1 5 -1 5 -1 5 -1 5 -1 2 -1 -2
25 -1 5 -1 5 -1 5 -1 5 -1 5 -1 5 -1 -2
14 -1 14 -1 23 -1 23 -1 14 -1 14 -1 14 -1 14 -1 14 -1 14 -1 14 -1 23 -1 23 -1 14 -1 14 -1 23 -1 23 -1 14 -1 14 -1 14 -1 14 -1 23 -1 39 -1 -2
18 -1 6 -1 -2
35 -1 35 -1 35 -1 35 -1 35 -1 6 -1 -2
35 -1 35 -1 35 -1 35 -1 39 -1 -2
35 -1 35 -1 35 -1 35 -1 35 -1 35 -1 35 -1 35 -1 35 -1 39 -1 -2
35 -1 35 -1 39 -1 -2
28 -1 28 -1 58 -1 58 -1 28 -1 39 -1 6 -1 -2
2 -1 -2
39 -1 23 -1 39 -1 39 -1 39 -1 39 -1 39 -1 23 -1 39 -1 3 -1 3 -1 39 -1 26 -1 26 -1 26 -1 26 -1 28 -1 39 -1 39 -1 39 -1 -2
50 -1 50 -1 50 -1 50 -1 50 -1 50 -1 1 -1 23 -1 39 -1 39 -1 -2
23 -1 23 -1 23 -1 -2
6 -1 -2
41 -1 41 -1 41 -1 41 -1 41 -1 41 -1 41 -1 41 -1 41 -1 41 -1 39 -1 -2
41 -1 23 -1 23 -1 41 -1 41 -1 39 -1 -2
41 -1 41 -1 41 -1 39 -1 -2
51 -1 13 -1 13 -1 13 -1 13 -1 39 -1 -2
13 -1 6 -1 -2
6 -1 6 -1 -2
23 -1 23 -1 -2
18 -1 18 -1 2 -1 2 -1 18 -1 39 -1 -2
5 -1 5 -1 62 -1 5 -1 5 -1 5 -1 5 -1 8 -1 39 -1 -2
5 -1 5 -1 5 -1 25 -1 25 -1 5 -1 5 -1 -2
6 -1 -2
13 -1 39 -1 -2
11 -1 11 -1 11 -1 63 -1 20 -1 11 -1 11 -1 11 -1 11 -1 2 -1 2 -1 2 -1 11 -1 11 -1 11 -1 2 -1 11 -1 11 -1 11 -1 7 -1 -2
23 -1 23 -1 -2
6 -1 6 -1 6 -1 6 -1 -2
5 -1 5 -1 5 -1 -2
54 -1 38 -1 6 -1 -2
49 -1 49 -1 49 -1 49 -1 -2
9 -1 9 -1 18 -1 18 -1 7 -1 7 -1 -2
11 -1 -2
3 -1 3 -1 3 -1 3 -1 39 -1 -2
34 -1 39 -1 -2
34 -1 34 -1 34 -1 34 -1 39 -1 -2
11 -1 11 -1 11 -1 -2
17 -1 14 -1 27 -1 27 -1 27 -1 27 -1 27 -1 27 -1 27 -1 27 -1 27 -1 26 -1 -2
35 -1 35 -1 35 -1 35 -1 35 -1 35 -1 35 -1 35 -1 35 -1 35 -1 35 -1 -2
21 -1 20 -1 20 -1 64 -1 20 -1 20 -1 20 -1 64 -1 20 -1 20 -1 64 -1 20 -1 20 -1 20 -1 20 -1 20 -1 -2
35 -1 35 -1 35 -1 35 -1 35 -1 35 -1 6 -1 -2
35 -1 -2
20 -1 20 -1 20 -1 20 -1 -2
26 -1 26 -1 27 -1 45 -1 26 -1 26 -1 27 -1 2 -1 2 -1 26 -1 26 -1 27 -1 27 -1 26 -1 26 -1 -2
38 -1 38 -1 38 -1 38 -1 38 -1 38 -1 6 -1 -2
17 -1 14 -1 14 -1 14 -1 14 -1 14 -1 14 -1 14 -1 14 -1 14 -1 6 -1 -2
5 -1 -2
25 -1 5 -1 25 -1 5 -1 -2
5 -1 25 -1 25 -1 25 -1 25 -1 25 -1 5 -1 -2
6 -1 6 -1 5 -1 5 -1 6 -1 5 -1 6 -1 6 -1 6 -1 6 -1 -2
14 -1 14 -1 14 -1 14 -1 6 -1 -2
10 -1 7 -1 10 -1 7 -1 10 -1 7 -1 7 -1 10 -1 7 -1 -2
28 -1 -2
28 -1 -2
28 -1 28 -1 -2
44 -1 23 -1 23 -1 -2
56 -1 23 -1 -2
38 -1 39 -1 -2
28 -1 28 -1 -2
23 -1 23 -1 26 -1 -2
34 -1 41 -1 41 -1 41 -1 39 -1 -2
23 -1 23 -1 26 -1 -2
13 -1 -2
10 -1 13 -1 2 -1 13 -1 10 -1 13 -1 2 -1 13 -1 10 -1 13 -1 2 -1 13 -1 8 -1 13 -1 13 -1 20 -1 -2
18 -1 26 -1 -2
25 -1 25 -1 25 -1 65 -1 66 -1 25 -1 25 -1 25 -1 5 -1 5 -1 -2
5 -1 5 -1 5 -1 -2
13 -1 13 -1 8 -1 13 -1 13 -1 13 -1 26 -1 -2
35 -1 35 -1 2 -1 26 -1 -2
27 -1 27 -1 -2
23 -1 -2
41 -1 28 -1 2 -1 6 -1 -2
35 -1 35 -1 -2
17 -1 28 -1 -2
35 -1 35 -1 26 -1 26 -1 7 -1 11 -1 7 -1 26 -1 -2
25 -1 5 -1 5 -1 5 -1 -2
17 -1 17 -1 17 -1 44 -1 60 -1 60 -1 11 -1 6 -1 -2
17 -1 10 -1 10 -1 -2
14 -1 38 -1 -2
17 -1 7 -1 7 -1 7 -1 7 -1 44 -1 7 -1 7 -1 32 -1 54 -1 54 -1 7 -1 11 -1 -2
23 -1 2 -1 -2
3 -1 3 -1 3 -1 3 -1 3 -1 6 -1 -2
14 -1 39 -1 -2
17 -1 17 -1 26 -1 26 -1 26 -1 -2
38 -1 -2
28 -1 -2
11 -1 7 -1 7 -1 7 -1 7 -1 7 -1 7 -1 -2
17 -1 17 -1 26 -1 26 -1 -2
22 -1 22 -1 22 -1 22 -1 22 -1 22 -1 22 -1 2 -1 -2
35 -1 10 -1 35 -1 35 -1 35 -1 26 -1 -2
27 -1 27 -1 -2
14 -1 13 -1 -2
14 -1 14 -1 39 -1 -2
14 -1 39 -1 -2
38 -1 38 -1 38 -1 38 -1 38 -1 38 -1 6 -1 -2
17 -1 17 -1 26 -1 26 -1 -2
17 -1 11 -1 11 -1 -2
41 -1 26 -1 -2
17 -1 4 -1 -2
17 -1 8 -1 8 -1 7 -1 -2
11 -1 -2
23 -1 26 -1 -2
28 -1 -2
28 -1 -2
38 -1 38 -1 38 -1 6 -1 -2
23 -1 23 -1 -2
26 -1 -2
26 -1 -2
17 -1 28 -1 28 -1 -2
17 -1 -2
6 -1 6 -1 6 -1 6 -1 -2
17 -1 17 -1 18 -1 14 -1 14 -1 18 -1 18 -1 18 -1 18 -1 2 -1 -2
38 -1 6 -1 -2
20 -1 20 -1 -2
17 -1 7 -1 6 -1 -2
3 -1 6 -1 -2
41 -1 41 -1 41 -1 -2
37 -1 57 -1 37 -1 -2
20 -1 2 -1 -2
39 -1 -2
35 -1 -2
17 -1 41 -1 39 -1 -2
17 -1 6 -1 6 -1 6 -1 6 -1 6 -1 6 -1 6 -1 6 -1 6 -1 6 -1 6 -1 6 -1 6 -1 -2
7 -1 7 -1 7 -1 13 -1 -2
17 -1 26 -1 28 -1 28 -1 28 -1 28 -1 -2
13 -1 13 -1 13 -1 13 -1 13 -1 18 -1 -2
13 -1 13 -1 13 -1 13 -1 18 -1 -2
44 -1 25 -1 -2
17 -1 41 -1 39 -1 -2
13 -1 18 -1 -2
13 -1 18 -1 -2
18 -1 39 -1 -2
41 -1 41 -1 13 -1 -2
17 -1 27 -1 27 -1 -2
8 -1 26 -1 -2
17 -1 7 -1 7 -1 7 -1 7 -1 7 -1 -2
17 -1 37 -1 -2
17 -1 38 -1 6 -1 6 -1 38 -1 38 -1 6 -1 6 -1 -2
25 -1 -2
41 -1 41 -1 -2
8 -1 26 -1 -2
17 -1 27 -1 27 -1 27 -1 27 -1 27 -1 27 -1 27 -1 27 -1 39 -1 -2
7 -1 -2
20 -1 39 -1 -2
18 -1 2 -1 -2
17 -1 11 -1 7 -1 11 -1 -2
17 -1 5 -1 -2
44 -1 17 -1 26 -1 26 -1 35 -1 35 -1 35 -1 35 -1 -2
44 -1 17 -1 26 -1 26 -1 35 -1 35 -1 35 -1 35 -1 -2
20 -1 26 -1 -2
34 -1 34 -1 34 -1 34 -1 34 -1 -2
20 -1 20 -1 7 -1 20 -1 26 -1 -2
20 -1 26 -1 -2
41 -1 39 -1 -2
7 -1 7 -1 7 -1 7 -1 41 -1 41 -1 50 -1 50 -1 1 -1 41 -1 41 -1 7 -1 7 -1 7 -1 -2
57 -1 7 -1 7 -1 -2
17 -1 7 -1 7 -1 -2
20 -1 -2
17 -1 2 -1 -2
34 -1 34 -1 34 -1 34 -1 -2
27 -1 27 -1 -2
23 -1 23 -1 -2
23 -1 -2
7 -1 7 -1 7 -1 7 -1 7 -1 7 -1 7 -1 7 -1 7 -1 7 -1 7 -1 -2
17 -1 17 -1 7 -1 7 -1 7 -1 -2
17 -1 11 -1 11 -1 11 -1 -2
20 -1 -2
17 -1 11 -1 11 -1 11 -1 11 -1 6 -1 -2
17 -1 7 -1 7 -1 7 -1 41 -1 41 -1 50 -1 50 -1 1 -1 41 -1 7 -1 7 -1 7 -1 7 -1 -2
44 -1 7 -1 67 -1 7 -1 -2
44 -1 7 -1 67 -1 7 -1 -2
17 -1 37 -1 37 -1 37 -1 37 -1 11 -1 -2
35 -1 -2
17 -1 25 -1 25 -1 6 -1 -2
6 -1 6 -1 -2
6 -1 6 -1 -2
17 -1 17 -1 2 -1 17 -1 -2
17 -1 3 -1 11 -1 -2
17 -1 17 -1 11 -1 -2
26 -1 26 -1 26 -1 26 -1 23 -1 -2
68 -1 23 -1 68 -1 23 -1 68 -1 23 -1 68 -1 23 -1 68 -1 15 -1 -2
17 -1 7 -1 -2
17 -1 7 -1 7 -1 -2
20 -1 -2
23 -1 68 -1 68 -1 23 -1 26 -1 -2
23 -1 23 -1 23 -1 23 -1 23 -1 23 -1 -2
23 -1 23 -1 23 -1 23 -1 -2
35 -1 35 -1 35 -1 35 -1 35 -1 35 -1 35 -1 35 -1 35 -1 35 -1 35 -1 35 -1 35 -1 35 -1 -2
20 -1 20 -1 20 -1 20 -1 -2
44 -1 2 -1 -2
23 -1 23 -1 -2
17 -1 11 -1 11 -1 -2
17 -1 7 -1 -2
23 -1 23 -1 -2
26 -1 -2
17 -1 7 -1 -2
7 -1 7 -1 7 -1 7 -1 7 -1 7 -1 7 -1 7 -1 -2
17 -1 7 -1 7 -1 7 -1 -2
17 -1 7 -1 -2
7 -1 7 -1 7 -1 7 -1 7 -1 7 -1 7 -1 7 -1 -2
17 -1 7 -1 7 -1 7 -1 -2
17 -1 7 -1 -2
26 -1 23 -1 26 -1 26 -1 23 -1 26 -1 26 -1 23 -1 26 -1 26 -1 26 -1 26 -1 23 -1 26 -1 23 -1 26 -1 26 -1 23 -1 26 -1 26 -1 23 -1 26 -1 26 -1 26 -1 -2
23 -1 23 -1 -2
17 -1 27 -1 27 -1 27 -1 27 -1 27 -1 27 -1 27 -1 27 -1 27 -1 -2
35 -1 35 -1 35 -1 35 -1 35 -1 35 -1 26 -1 -2
35 -1 26 -1 -2
26 -1 35 -1 35 -1 26 -1 26 -1 26 -1 35 -1 26 -1 -2
17 -1 14 -1 14 -1 14 -1 14 -1 14 -1 14 -1 14 -1 14 -1 14 -1 14 -1 14 -1 14 -1 14 -1 14 -1 14 -1 14 -1 14 -1 14 -1 14 -1 14 -1 14 -1 14 -1 14 -1 14 -1 14 -1 14 -1 14 -1 14 -1 14 -1 14 -1 14 -1 14 -1 14 -1 14 -1 14 -1 14 -1 14 -1 14 -1 14 -1 14 -1 14 -1 14 -1 14 -1 26 -1 -2
25 -1 25 -1 25 -1 25 -1 25 -1 25 -1 25 -1 25 -1 25 -1 25 -1 25 -1 25 -1 25 -1 25 -1 6 -1 -2
7 -1 18 -1 -2
17 -1 7 -1 -2
17 -1 7 -1 -2
7 -1 7 -1 7 -1 7 -1 7 -1 7 -1 7 -1 -2
17 -1 7 -1 -2
17 -1 11 -1 11 -1 11 -1 11 -1 11 -1 11 -1 11 -1 11 -1 6 -1 -2
44 -1 13 -1 18 -1 -2
18 -1 -2
23 -1 68 -1 68 -1 23 -1 26 -1 -2
23 -1 23 -1 34 -1 -2
23 -1 23 -1 34 -1 -2
34 -1 23 -1 23 -1 34 -1 -2
34 -1 23 -1 23 -1 34 -1 -2
26 -1 23 -1 23 -1 26 -1 26 -1 23 -1 23 -1 26 -1 26 -1 23 -1 23 -1 23 -1 26 -1 26 -1 23 -1 23 -1 26 -1 26 -1 -2
35 -1 35 -1 35 -1 35 -1 35 -1 35 -1 35 -1 35 -1 35 -1 35 -1 -2
27 -1 27 -1 -2
35 -1 35 -1 35 -1 35 -1 35 -1 35 -1 35 -1 35 -1 35 -1 35 -1 35 -1 35 -1 26 -1 -2
35 -1 26 -1 -2
35 -1 35 -1 8 -1 -2
69 -1 26 -1 23 -1 23 -1 26 -1 26 -1 26 -1 26 -1 -2
11 -1 11 -1 6 -1 -2
20 -1 20 -1 20 -1 20 -1 7 -1 20 -1 -2
23 -1 -2
27 -1 6 -1 -2
17 -1 26 -1 26 -1 26 -1 -2
2 -1 26 -1 -2
34 -1 -2
26 -1 26 -1 26 -1 23 -1 23 -1 26 -1 -2
17 -1 37 -1 37 -1 37 -1 -2
17 -1 14 -1 14 -1 14 -1 14 -1 14 -1 14 -1 39 -1 -2
8 -1 8 -1 6 -1 -2
23 -1 23 -1 -2
7 -1 7 -1 -2
17 -1 7 -1 -2
17 -1 7 -1 -2
35 -1 35 -1 23 -1 39 -1 -2
35 -1 39 -1 -2
35 -1 39 -1 -2
35 -1 39 -1 -2
17 -1 11 -1 11 -1 6 -1 -2
17 -1 11 -1 11 -1 6 -1 -2
44 -1 27 -1 14 -1 39 -1 -2
26 -1 -2
2 -1 26 -1 -2
2 -1 2 -1 2 -1 -2
8 -1 8 -1 8 -1 63 -1 27 -1 8 -1 8 -1 63 -1 8 -1 8 -1 8 -1 -2
22 -1 -2
15 -1 11 -1 11 -1 -2
27 -1 5 -1 -2
14 -1 14 -1 14 -1 14 -1 14 -1 14 -1 26 -1 -2
26 -1 -2
20 -1 20 -1 6 -1 -2
20 -1 6 -1 -2
17 -1 11 -1 8 -1 11 -1 39 -1 -2
6 -1 -2
41 -1 51 -1 41 -1 51 -1 -2
17 -1 11 -1 8 -1 11 -1 39 -1 -2
6 -1 -2
17 -1 6 -1 6 -1 -2
20 -1 -2
27 -1 27 -1 26 -1 -2
27 -1 27 -1 26 -1 -2
35 -1 35 -1 35 -1 35 -1 35 -1 35 -1 35 -1 35 -1 35 -1 35 -1 35 -1 4 -1 -2
8 -1 8 -1 8 -1 27 -1 8 -1 8 -1 26 -1 -2
18 -1 18 -1 -2
18 -1 18 -1 -2
44 -1 7 -1 -2
7 -1 -2
7 -1 7 -1 7 -1 7 -1 7 -1 7 -1 7 -1 7 -1 7 -1 7 -1 -2
38 -1 38 -1 2 -1 -2
35 -1 35 -1 35 -1 35 -1 2 -1 -2
27 -1 27 -1 6 -1 -2
17 -1 6 -1 -2
4 -1 6 -1 -2
20 -1 -2
38 -1 38 -1 6 -1 -2
7 -1 7 -1 -2
17 -1 25 -1 25 -1 25 -1 -2
44 -1 26 -1 26 -1 -2
44 -1 26 -1 26 -1 -2
13 -1 6 -1 -2
17 -1 11 -1 8 -1 11 -1 6 -1 -2
17 -1 11 -1 11 -1 11 -1 38 -1 -2
20 -1 -2
7 -1 7 -1 7 -1 -2
17 -1 7 -1 -2
17 -1 7 -1 -2
17 -1 5 -1 26 -1 -2
17 -1 11 -1 11 -1 11 -1 11 -1 11 -1 11 -1 6 -1 -2
20 -1 26 -1 -2
18 -1 18 -1 18 -1 18 -1 18 -1 -2
17 -1 37 -1 37 -1 37 -1 -2
17 -1 11 -1 8 -1 11 -1 6 -1 -2
37 -1 37 -1 37 -1 37 -1 6 -1 -2
26 -1 26 -1 26 -1 -2
27 -1 27 -1 27 -1 27 -1 27 -1 27 -1 27 -1 27 -1 27 -1 27 -1 27 -1 27 -1 27 -1 -2
17 -1 14 -1 14 -1 26 -1 -2
3 -1 2 -1 -2
5 -1 39 -1 -2
17 -1 35 -1 35 -1 35 -1 35 -1 35 -1 35 -1 35 -1 35 -1 35 -1 35 -1 35 -1 35 -1 38 -1 -2
35 -1 35 -1 38 -1 -2
7 -1 6 -1 6 -1 7 -1 7 -1 7 -1 6 -1 6 -1 6 -1 -2
17 -1 41 -1 41 -1 39 -1 -2
17 -1 5 -1 5 -1 26 -1 70 -1 -2
44 -1 17 -1 13 -1 6 -1 -2
11 -1 6 -1 -2
17 -1 11 -1 11 -1 11 -1 -2
17 -1 11 -1 11 -1 11 -1 -2
17 -1 7 -1 -2
17 -1 7 -1 -2
11 -1 11 -1 -2
18 -1 18 -1 6 -1 -2
28 -1 -2
44 -1 13 -1 -2
17 -1 3 -1 2 -1 -2
17 -1 3 -1 2 -1 -2
27 -1 -2
17 -1 41 -1 41 -1 38 -1 41 -1 -2
35 -1 35 -1 35 -1 35 -1 18 -1 -2
27 -1 27 -1 -2
11 -1 -2
17 -1 37 -1 37 -1 37 -1 -2
20 -1 20 -1 -2
6 -1 6 -1 6 -1 6 -1 26 -1 6 -1 -2
17 -1 6 -1 -2
35 -1 26 -1 -2
17 -1 7 -1 -2
17 -1 7 -1 -2
17 -1 41 -1 41 -1 26 -1 -2
17 -1 3 -1 6 -1 -2
15 -1 3 -1 3 -1 3 -1 3 -1 15 -1 3 -1 38 -1 -2
20 -1 20 -1 20 -1 20 -1 20 -1 20 -1 20 -1 20 -1 26 -1 -2
17 -1 28 -1 -2
20 -1 7 -1 20 -1 20 -1 20 -1 20 -1 26 -1 -2
20 -1 -2
17 -1 5 -1 -2
7 -1 7 -1 -2
17 -1 25 -1 25 -1 -2
17 -1 14 -1 39 -1 -2
17 -1 14 -1 14 -1 39 -1 -2
17 -1 14 -1 39 -1 -2
20 -1 20 -1 20 -1 20 -1 20 -1 20 -1 20 -1 20 -1 20 -1 20 -1 20 -1 26 -1 -2
20 -1 20 -1 20 -1 20 -1 20 -1 20 -1 20 -1 26 -1 -2
6 -1 -2
7 -1 20 -1 7 -1 26 -1 20 -1 20 -1 26 -1 20 -1 20 -1 26 -1 20 -1 20 -1 26 -1 20 -1 26 -1 20 -1 -2
17 -1 28 -1 -2
7 -1 -2
17 -1 7 -1 7 -1 -2
7 -1 7 -1 7 -1 -2
6 -1 -2
26 -1 -2
4 -1 21 -1 4 -1 4 -1 21 -1 4 -1 4 -1 4 -1 6 -1 -2
3 -1 3 -1 3 -1 3 -1 26 -1 -2
17 -1 7 -1 -2
17 -1 -2
17 -1 7 -1 7 -1 29 -1 -2
7 -1 7 -1 -2
17 -1 7 -1 -2
35 -1 26 -1 -2
15 -1 18 -1 18 -1 26 -1 -2
17 -1 17 -1 5 -1 2 -1 5 -1 26 -1 26 -1 26 -1 26 -1 26 -1 26 -1 26 -1 -2
26 -1 -2
26 -1 -2
26 -1 -2
26 -1 -2
11 -1 6 -1 -2
15 -1 15 -1 18 -1 18 -1 26 -1 -2
8 -1 -2
8 -1 -2
7 -1 7 -1 3 -1 8 -1 -2
44 -1 2 -1 26 -1 -2
17 -1 26 -1 26 -1 -2
26 -1 8 -1 -2
17 -1 20 -1 26 -1 -2
2 -1 2 -1 26 -1 -2
44 -1 17 -1 13 -1 13 -1 -2
7 -1 7 -1 -2
44 -1 7 -1 27 -1 -2
17 -1 3 -1 6 -1 -2
17 -1 7 -1 7 -1 7 -1 -2
17 -1 7 -1 -2
17 -1 14 -1 8 -1 -2
17 -1 14 -1 -2
17 -1 3 -1 6 -1 -2
17 -1 7 -1 -2
7 -1 7 -1 7 -1 -2
71 -1 71 -1 71 -1 71 -1 71 -1 71 -1 71 -1 71 -1 72 -1 73 -1 71 -1 71 -1 71 -1 71 -1 71 -1 74 -1 -2
7 -1 75 -1 73 -1 73 -1 73 -1 73 -1 73 -1 73 -1 73 -1 74 -1 -2
76 -1 72 -1 77 -1 -2
40 -1 73 -1 73 -1 73 -1 73 -1 77 -1 -2
73 -1 73 -1 73 -1 73 -1 74 -1 -2
77 -1 -2
78 -1 78 -1 71 -1 74 -1 78 -1 71 -1 71 -1 71 -1 71 -1 71 -1 71 -1 74 -1 -2
71 -1 71 -1 71 -1 71 -1 71 -1 71 -1 74 -1 -2
71 -1 75 -1 61 -1 61 -1 79 -1 80 -1 50 -1 81 -1 81 -1 79 -1 79 -1 61 -1 61 -1 74 -1 75 -1 75 -1 71 -1 73 -1 71 -1 71 -1 73 -1 73 -1 71 -1 71 -1 71 -1 71 -1 74 -1 -2
71 -1 71 -1 78 -1 78 -1 78 -1 76 -1 76 -1 82 -1 82 -1 76 -1 76 -1 71 -1 76 -1 76 -1 82 -1 82 -1 71 -1 82 -1 82 -1 82 -1 53 -1 74 -1 -2
83 -1 72 -1 74 -1 74 -1 74 -1 74 -1 72 -1 83 -1 83 -1 72 -1 74 -1 74 -1 74 -1 74 -1 72 -1 83 -1 83 -1 74 -1 -2
84 -1 84 -1 84 -1 84 -1 84 -1 84 -1 84 -1 85 -1 74 -1 -2
71 -1 71 -1 2 -1 71 -1 71 -1 71 -1 76 -1 76 -1 76 -1 71 -1 71 -1 78 -1 71 -1 74 -1 -2
71 -1 71 -1 71 -1 71 -1 -2
71 -1 75 -1 86 -1 71 -1 75 -1 86 -1 71 -1 74 -1 -2
77 -1 -2
84 -1 73 -1 84 -1 76 -1 84 -1 84 -1 84 -1 84 -1 84 -1 77 -1 -2
73 -1 85 -1 -2
84 -1 84 -1 84 -1 77 -1 84 -1 84 -1 84 -1 85 -1 -2
87 -1 87 -1 87 -1 87 -1 87 -1 87 -1 87 -1 87 -1 87 -1 87 -1 87 -1 87 -1 87 -1 87 -1 -2
84 -1 88 -1 57 -1 87 -1 87 -1 87 -1 87 -1 41 -1 77 -1 -2
71 -1 71 -1 84 -1 77 -1 -2
24 -1 42 -1 24 -1 24 -1 74 -1 74 -1 84 -1 77 -1 -2
73 -1 73 -1 73 -1 -2
71 -1 71 -1 71 -1 73 -1 77 -1 -2
72 -1 72 -1 72 -1 72 -1 72 -1 72 -1 72 -1 72 -1 77 -1 -2
72 -1 72 -1 76 -1 72 -1 -2
30 -1 76 -1 71 -1 74 -1 -2
78 -1 4 -1 55 -1 86 -1 86 -1 86 -1 73 -1 73 -1 78 -1 77 -1 -2
71 -1 71 -1 71 -1 -2
71 -1 71 -1 -2
71 -1 86 -1 71 -1 71 -1 71 -1 71 -1 -2
71 -1 71 -1 -2
71 -1 -2
71 -1 71 -1 71 -1 4 -1 76 -1 76 -1 76 -1 76 -1 76 -1 76 -1 54 -1 76 -1 71 -1 54 -1 76 -1 71 -1 71 -1 71 -1 71 -1 74 -1 74 -1 4 -1 71 -1 -2
78 -1 71 -1 78 -1 89 -1 71 -1 78 -1 78 -1 78 -1 71 -1 77 -1 -2
71 -1 71 -1 71 -1 71 -1 -2
76 -1 76 -1 74 -1 74 -1 74 -1 71 -1 71 -1 74 -1 71 -1 -2
71 -1 -2
74 -1 90 -1 90 -1 74 -1 71 -1 -2
90 -1 90 -1 90 -1 90 -1 74 -1 74 -1 74 -1 74 -1 74 -1 74 -1 74 -1 90 -1 90 -1 74 -1 71 -1 -2
78 -1 -2
75 -1 75 -1 82 -1 75 -1 82 -1 75 -1 82 -1 75 -1 82 -1 82 -1 91 -1 -2
92 -1 92 -1 92 -1 92 -1 92 -1 92 -1 92 -1 92 -1 92 -1 92 -1 76 -1 92 -1 92 -1 92 -1 92 -1 92 -1 92 -1 -2
76 -1 76 -1 76 -1 76 -1 5 -1 2 -1 10 -1 5 -1 2 -1 71 -1 -2
71 -1 73 -1 72 -1 -2
7 -1 73 -1 73 -1 73 -1 7 -1 73 -1 76 -1 -2
76 -1 76 -1 76 -1 76 -1 10 -1 4 -1 78 -1 93 -1 93 -1 93 -1 71 -1 71 -1 -2
73 -1 73 -1 72 -1 71 -1 71 -1 71 -1 71 -1 71 -1 73 -1 -2
72 -1 72 -1 73 -1 73 -1 91 -1 72 -1 72 -1 72 -1 72 -1 72 -1 72 -1 -2
73 -1 74 -1 -2
72 -1 73 -1 73 -1 73 -1 11 -1 73 -1 72 -1 73 -1 73 -1 -2
71 -1 -2
81 -1 74 -1 -2
71 -1 -2
72 -1 72 -1 72 -1 72 -1 72 -1 -2
24 -1 74 -1 74 -1 78 -1 71 -1 73 -1 74 -1 74 -1 71 -1 71 -1 -2
74 -1 74 -1 73 -1 -2
73 -1 -2
24 -1 71 -1 71 -1 78 -1 71 -1 71 -1 71 -1 73 -1 71 -1 71 -1 71 -1 74 -1 71 -1 71 -1 71 -1 71 -1 71 -1 71 -1 27 -1 71 -1 71 -1 71 -1 71 -1 71 -1 71 -1 71 -1 71 -1 71 -1 71 -1 71 -1 71 -1 71 -1 71 -1 71 -1 71 -1 -2
74 -1 74 -1 -2
75 -1 74 -1 -2
72 -1 72 -1 -2
74 -1 94 -1 93 -1 93 -1 93 -1 93 -1 93 -1 74 -1 74 -1 93 -1 93 -1 93 -1 93 -1 74 -1 73 -1 -2
77 -1 77 -1 77 -1 77 -1 77 -1 77 -1 -2
76 -1 76 -1 76 -1 76 -1 76 -1 76 -1 76 -1 76 -1 76 -1 76 -1 76 -1 76 -1 76 -1 76 -1 76 -1 76 -1 75 -1 76 -1 76 -1 -2
84 -1 84 -1 84 -1 84 -1 84 -1 74 -1 -2
24 -1 24 -1 40 -1 40 -1 24 -1 24 -1 24 -1 73 -1 73 -1 74 -1 74 -1 74 -1 -2
24 -1 24 -1 40 -1 75 -1 74 -1 74 -1 86 -1 74 -1 74 -1 77 -1 77 -1 86 -1 86 -1 74 -1 74 -1 77 -1 86 -1 74 -1 74 -1 86 -1 86 -1 86 -1 74 -1 74 -1 85 -1 74 -1 -2
84 -1 74 -1 -2
72 -1 72 -1 74 -1 -2
77 -1 86 -1 86 -1 85 -1 86 -1 86 -1 85 -1 74 -1 -2
71 -1 -2
76 -1 74 -1 -2
72 -1 72 -1 74 -1 -2
74 -1 74 -1 -2
92 -1 92 -1 92 -1 92 -1 92 -1 92 -1 92 -1 92 -1 92 -1 -2
73 -1 73 -1 73 -1 74 -1 -2
4 -1 4 -1 4 -1 75 -1 4 -1 4 -1 4 -1 87 -1 87 -1 4 -1 75 -1 4 -1 77 -1 -2
71 -1 74 -1 -2
71 -1 71 -1 71 -1 71 -1 71 -1 71 -1 71 -1 71 -1 71 -1 -2
73 -1 73 -1 73 -1 82 -1 82 -1 73 -1 73 -1 74 -1 -2
76 -1 74 -1 -2
73 -1 73 -1 73 -1 74 -1 74 -1 74 -1 -2
51 -1 51 -1 22 -1 28 -1 28 -1 2 -1 41 -1 87 -1 73 -1 73 -1 73 -1 73 -1 73 -1 74 -1 74 -1 -2
33 -1 74 -1 74 -1 71 -1 71 -1 -2
89 -1 73 -1 74 -1 -2
76 -1 74 -1 -2
76 -1 76 -1 74 -1 -2
4 -1 4 -1 4 -1 76 -1 74 -1 -2
76 -1 76 -1 74 -1 -2
76 -1 83 -1 83 -1 76 -1 76 -1 74 -1 -2
44 -1 41 -1 87 -1 87 -1 87 -1 87 -1 74 -1 -2
17 -1 17 -1 51 -1 76 -1 74 -1 -2
17 -1 17 -1 27 -1 75 -1 71 -1 74 -1 -2
17 -1 17 -1 1 -1 87 -1 82 -1 74 -1 -2
92 -1 95 -1 96 -1 96 -1 96 -1 95 -1 95 -1 84 -1 74 -1 -2
84 -1 74 -1 -2
17 -1 17 -1 17 -1 17 -1 17 -1 41 -1 87 -1 82 -1 81 -1 74 -1 -2
17 -1 87 -1 74 -1 74 -1 74 -1 -2
17 -1 74 -1 74 -1 71 -1 74 -1 -2
73 -1 73 -1 74 -1 -2
78 -1 78 -1 73 -1 73 -1 73 -1 73 -1 78 -1 78 -1 78 -1 78 -1 78 -1 78 -1 78 -1 78 -1 78 -1 78 -1 78 -1 74 -1 -2
17 -1 44 -1 17 -1 17 -1 97 -1 89 -1 74 -1 -2
72 -1 74 -1 -2
17 -1 71 -1 74 -1 -2
17 -1 71 -1 74 -1 -2
17 -1 68 -1 68 -1 75 -1 74 -1 -2
82 -1 82 -1 72 -1 82 -1 82 -1 87 -1 95 -1 98 -1 82 -1 82 -1 82 -1 74 -1 -2
74 -1 11 -1 74 -1 71 -1 74 -1 82 -1 11 -1 74 -1 -2
50 -1 17 -1 68 -1 75 -1 74 -1 -2
81 -1 82 -1 74 -1 -2
44 -1 17 -1 17 -1 68 -1 75 -1 74 -1 -2
75 -1 92 -1 74 -1 -2
17 -1 51 -1 72 -1 74 -1 -2
40 -1 99 -1 99 -1 99 -1 19 -1 19 -1 99 -1 99 -1 40 -1 99 -1 19 -1 99 -1 99 -1 99 -1 85 -1 33 -1 -2
99 -1 -2
24 -1 -2
24 -1 -2
100 -1 101 -1 79 -1 102 -1 79 -1 79 -1 79 -1 102 -1 -2
79 -1 102 -1 -2
100 -1 103 -1 100 -1 100 -1 83 -1 100 -1 100 -1 100 -1 -2
40 -1 100 -1 100 -1 100 -1 40 -1 -2
24 -1 102 -1 81 -1 80 -1 81 -1 81 -1 104 -1 104 -1 53 -1 -2
105 -1 81 -1 81 -1 81 -1 105 -1 100 -1 100 -1 106 -1 106 -1 102 -1 -2
100 -1 100 -1 80 -1 80 -1 80 -1 81 -1 81 -1 81 -1 93 -1 80 -1 80 -1 100 -1 102 -1 102 -1 102 -1 81 -1 81 -1 81 -1 81 -1 -2
100 -1 100 -1 80 -1 80 -1 102 -1 -2
102 -1 102 -1 100 -1 100 -1 7 -1 102 -1 100 -1 102 -1 102 -1 -2
102 -1 100 -1 81 -1 81 -1 102 -1 102 -1 100 -1 100 -1 100 -1 102 -1 102 -1 -2
100 -1 -2
102 -1 102 -1 100 -1 100 -1 102 -1 102 -1 100 -1 100 -1 83 -1 102 -1 -2
100 -1 80 -1 100 -1 100 -1 100 -1 80 -1 80 -1 100 -1 100 -1 100 -1 100 -1 100 -1 100 -1 100 -1 -2
100 -1 100 -1 100 -1 80 -1 80 -1 80 -1 80 -1 80 -1 80 -1 80 -1 -2
17 -1 17 -1 80 -1 40 -1 -2
100 -1 -2
102 -1 -2
40 -1 107 -1 107 -1 107 -1 107 -1 107 -1 107 -1 107 -1 107 -1 107 -1 108 -1 -2
27 -1 8 -1 109 -1 27 -1 8 -1 108 -1 44 -1 110 -1 109 -1 109 -1 109 -1 109 -1 17 -1 -2
88 -1 88 -1 27 -1 2 -1 2 -1 88 -1 88 -1 -2
28 -1 7 -1 7 -1 -2
24 -1 111 -1 12 -1 44 -1 44 -1 44 -1 44 -1 -2
2 -1 28 -1 12 -1 12 -1 28 -1 28 -1 -2
21 -1 21 -1 26 -1 107 -1 107 -1 107 -1 107 -1 23 -1 28 -1 23 -1 107 -1 107 -1 107 -1 107 -1 107 -1 107 -1 107 -1 -2
23 -1 108 -1 -2
108 -1 -2
108 -1 -2
23 -1 107 -1 107 -1 -2
108 -1 -2
108 -1 -2
108 -1 -2
23 -1 107 -1 -2
108 -1 -2
107 -1 23 -1 107 -1 107 -1 23 -1 107 -1 107 -1 23 -1 107 -1 107 -1 23 -1 107 -1 107 -1 23 -1 107 -1 107 -1 23 -1 107 -1 107 -1 23 -1 107 -1 107 -1 23 -1 107 -1 107 -1 23 -1 107 -1 107 -1 23 -1 107 -1 107 -1 23 -1 56 -1 107 -1 107 -1 8 -1 44 -1 108 -1 -2
58 -1 58 -1 58 -1 58 -1 112 -1 58 -1 58 -1 88 -1 58 -1 58 -1 58 -1 58 -1 58 -1 58 -1 108 -1 -2
113 -1 44 -1 109 -1 20 -1 109 -1 113 -1 109 -1 108 -1 -2
44 -1 107 -1 23 -1 107 -1 44 -1 107 -1 23 -1 107 -1 107 -1 23 -1 107 -1 23 -1 44 -1 107 -1 23 -1 44 -1 44 -1 108 -1 -2
44 -1 107 -1 23 -1 107 -1 44 -1 -2
107 -1 -2
2 -1 12 -1 108 -1 -2
44 -1 44 -1 44 -1 44 -1 44 -1 58 -1 58 -1 58 -1 58 -1 108 -1 -2
108 -1 20 -1 108 -1 108 -1 20 -1 108 -1 108 -1 108 -1 20 -1 114 -1 31 -1 114 -1 114 -1 31 -1 31 -1 114 -1 114 -1 12 -1 114 -1 114 -1 31 -1 31 -1 12 -1 12 -1 114 -1 -2
20 -1 20 -1 20 -1 44 -1 20 -1 -2
12 -1 17 -1 -2
17 -1 12 -1 12 -1 44 -1 -2
17 -1 17 -1 108 -1 -2
58 -1 41 -1 7 -1 7 -1 41 -1 58 -1 58 -1 58 -1 41 -1 7 -1 7 -1 7 -1 7 -1 44 -1 58 -1 41 -1 20 -1 58 -1 58 -1 -2
108 -1 -2
17 -1 2 -1 115 -1 115 -1 107 -1 108 -1 -2
108 -1 -2
17 -1 68 -1 116 -1 2 -1 117 -1 -2
118 -1 85 -1 24 -1 24 -1 24 -1 40 -1 118 -1 19 -1 53 -1 53 -1 40 -1 119 -1 2 -1 93 -1 -2
93 -1 93 -1 118 -1 2 -1 -2
120 -1 3 -1 118 -1 118 -1 120 -1 93 -1 120 -1 121 -1 93 -1 120 -1 93 -1 -2
40 -1 -2
122 -1 122 -1 122 -1 122 -1 93 -1 122 -1 83 -1 -2
93 -1 -2
119 -1 -2
24 -1 19 -1 122 -1 53 -1 -2
24 -1 24 -1 24 -1 24 -1 19 -1 40 -1 53 -1 -2
123 -1 -2
93 -1 93 -1 -2
24 -1 -2
118 -1 78 -1 -2
93 -1 -2
24 -1 -2
83 -1 -2
66 -1 40 -1 -2
66 -1 40 -1 -2
120 -1 -2
53 -1 -2
93 -1 93 -1 -2
42 -1 120 -1 -2
93 -1 120 -1 120 -1 -2
107 -1 -2
93 -1 93 -1 93 -1 -2
93 -1 93 -1 93 -1 93 -1 2 -1 -2
93 -1 2 -1 93 -1 -2
28 -1 -2
17 -1 -2
53 -1 -2
114 -1 -2
117 -1 -2
74 -1 74 -1 74 -1 -2
45 -1 -2
32 -1 32 -1 32 -1 -2
36 -1 45 -1 36 -1 67 -1 45 -1 45 -1 45 -1 -2
124 -1 117 -1 61 -1 -2
2 -1 2 -1 7 -1 -2
61 -1 -2
1 -1 2 -1 116 -1 45 -1 45 -1 45 -1 -2
61 -1 -2
7 -1 7 -1 9 -1 -2
31 -1 31 -1 31 -1 10 -1 -2
10 -1 -2
44 -1 24 -1 24 -1 99 -1 40 -1 40 -1 7 -1 22 -1 125 -1 125 -1 125 -1 125 -1 125 -1 9 -1 -2
30 -1 10 -1 -2
59 -1 59 -1 59 -1 59 -1 10 -1 -2
44 -1 59 -1 59 -1 59 -1 97 -1 -2
44 -1 44 -1 59 -1 59 -1 59 -1 97 -1 -2
9 -1 -2
10 -1 -2
24 -1 1 -1 9 -1 -2
24 -1 9 -1 1 -1 9 -1 -2
47 -1 8 -1 46 -1 -2
111 -1 111 -1 -2
17 -1 111 -1 111 -1 111 -1 -2
111 -1 111 -1 111 -1 111 -1 111 -1 111 -1 8 -1 111 -1 111 -1 -2
126 -1 111 -1 -2
20 -1 111 -1 111 -1 -2
127 -1 111 -1 111 -1 111 -1 111 -1 111 -1 111 -1 -2
115 -1 115 -1 115 -1 128 -1 128 -1 115 -1 115 -1 37 -1 115 -1 128 -1 128 -1 115 -1 115 -1 115 -1 115 -1 111 -1 -2
24 -1 127 -1 2 -1 127 -1 127 -1 4 -1 -2
127 -1 127 -1 127 -1 129 -1 127 -1 127 -1 127 -1 127 -1 127 -1 127 -1 -2
127 -1 127 -1 127 -1 5 -1 8 -1 8 -1 2 -1 5 -1 127 -1 127 -1 127 -1 127 -1 127 -1 127 -1 127 -1 127 -1 127 -1 127 -1 127 -1 127 -1 127 -1 127 -1 127 -1 127 -1 127 -1 127 -1 127 -1 127 -1 127 -1 127 -1 127 -1 127 -1 127 -1 -2
127 -1 127 -1 127 -1 127 -1 127 -1 127 -1 127 -1 127 -1 127 -1 127 -1 127 -1 127 -1 -2
127 -1 127 -1 127 -1 127 -1 127 -1 127 -1 127 -1 -2
127 -1 127 -1 127 -1 127 -1 127 -1 127 -1 127 -1 127 -1 127 -1 127 -1 127 -1 127 -1 127 -1 127 -1 127 -1 127 -1 127 -1 127 -1 127 -1 127 -1 -2
127 -1 127 -1 127 -1 127 -1 127 -1 127 -1 -2
127 -1 127 -1 127 -1 127 -1 127 -1 127 -1 -2
127 -1 60 -1 60 -1 60 -1 60 -1 60 -1 60 -1 60 -1 60 -1 60 -1 128 -1 128 -1 128 -1 127 -1 127 -1 127 -1 127 -1 127 -1 130 -1 127 -1 127 -1 -2
127 -1 127 -1 127 -1 127 -1 127 -1 127 -1 127 -1 127 -1 127 -1 127 -1 127 -1 127 -1 127 -1 127 -1 127 -1 127 -1 127 -1 127 -1 127 -1 127 -1 127 -1 127 -1 127 -1 127 -1 127 -1 127 -1 127 -1 127 -1 127 -1 127 -1 -2
127 -1 127 -1 127 -1 127 -1 127 -1 127 -1 127 -1 127 -1 127 -1 127 -1 127 -1 127 -1 127 -1 127 -1 127 -1 127 -1 127 -1 127 -1 127 -1 127 -1 -2
127 -1 127 -1 127 -1 127 -1 127 -1 127 -1 127 -1 127 -1 127 -1 127 -1 127 -1 127 -1 127 -1 127 -1 127 -1 127 -1 127 -1 127 -1 127 -1 127 -1 127 -1 127 -1 127 -1 127 -1 127 -1 127 -1 127 -1 127 -1 127 -1 127 -1 -2
127 -1 127 -1 127 -1 127 -1 127 -1 127 -1 127 -1 127 -1 127 -1 127 -1 127 -1 127 -1 127 -1 127 -1 127 -1 127 -1 127 -1 127 -1 127 -1 127 -1 127 -1 127 -1 127 -1 127 -1 127 -1 127 -1 127 -1 127 -1 127 -1 127 -1 127 -1 127 -1 127 -1 127 -1 127 -1 127 -1 127 -1 -2
127 -1 127 -1 127 -1 127 -1 127 -1 127 -1 127 -1 127 -1 127 -1 127 -1 127 -1 127 -1 127 -1 127 -1 127 -1 127 -1 127 -1 127 -1 127 -1 127 -1 127 -1 127 -1 127 -1 127 -1 127 -1 127 -1 127 -1 127 -1 127 -1 127 -1 127 -1 127 -1 127 -1 127 -1 127 -1 127 -1 127 -1 127 -1 127 -1 127 -1 127 -1 127 -1 -2
127 -1 127 -1 127 -1 127 -1 127 -1 127 -1 127 -1 127 -1 127 -1 127 -1 -2
127 -1 127 -1 127 -1 -2
110 -1 -2
53 -1 24 -1 19 -1 2 -1 85 -1 26 -1 -2
53 -1 19 -1 131 -1 24 -1 24 -1 19 -1 2 -1 19 -1 85 -1 26 -1 -2
132 -1 133 -1 -2
61 -1 61 -1 34 -1 61 -1 34 -1 30 -1 61 -1 61 -1 134 -1 134 -1 135 -1 34 -1 61 -1 99 -1 61 -1 -2
61 -1 61 -1 34 -1 61 -1 34 -1 30 -1 61 -1 61 -1 134 -1 134 -1 135 -1 34 -1 61 -1 99 -1 61 -1 -2
110 -1 -2
70 -1 70 -1 70 -1 70 -1 70 -1 70 -1 -2
37 -1 37 -1 37 -1 61 -1 61 -1 61 -1 61 -1 61 -1 61 -1 61 -1 61 -1 61 -1 61 -1 61 -1 61 -1 61 -1 61 -1 -2
70 -1 70 -1 70 -1 70 -1 70 -1 -2
40 -1 116 -1 61 -1 61 -1 61 -1 -2
70 -1 70 -1 70 -1 70 -1 70 -1 70 -1 -2
61 -1 61 -1 61 -1 61 -1 61 -1 61 -1 61 -1 61 -1 61 -1 -2
99 -1 61 -1 -2
136 -1 70 -1 70 -1 136 -1 136 -1 136 -1 136 -1 26 -1 -2
137 -1 -2
136 -1 -2
136 -1 -2
136 -1 2 -1 -2
136 -1 2 -1 -2
136 -1 136 -1 -2
2 -1 70 -1 70 -1 70 -1 -2
110 -1 110 -1 65 -1 135 -1 110 -1 135 -1 -2
135 -1 61 -1 61 -1 61 -1 61 -1 110 -1 29 -1 61 -1 135 -1 -2
70 -1 70 -1 70 -1 138 -1 70 -1 70 -1 -2
70 -1 70 -1 -2
70 -1 70 -1 -2
70 -1 70 -1 70 -1 70 -1 70 -1 -2
135 -1 29 -1 7 -1 135 -1 135 -1 135 -1 135 -1 135 -1 135 -1 135 -1 135 -1 135 -1 135 -1 -2
70 -1 -2
139 -1 40 -1 116 -1 114 -1 116 -1 139 -1 45 -1 139 -1 139 -1 139 -1 139 -1 -2
140 -1 110 -1 140 -1 7 -1 114 -1 140 -1 140 -1 140 -1 140 -1 140 -1 140 -1 140 -1 140 -1 -2
140 -1 140 -1 140 -1 140 -1 140 -1 -2
140 -1 140 -1 140 -1 140 -1 140 -1 140 -1 140 -1 140 -1 140 -1 140 -1 140 -1 140 -1 -2
140 -1 140 -1 140 -1 140 -1 140 -1 -2
140 -1 114 -1 114 -1 140 -1 140 -1 140 -1 140 -1 -2
140 -1 114 -1 140 -1 114 -1 114 -1 140 -1 114 -1 140 -1 140 -1 114 -1 140 -1 -2
140 -1 10 -1 140 -1 140 -1 140 -1 55 -1 140 -1 55 -1 140 -1 140 -1 140 -1 140 -1 140 -1 140 -1 140 -1 140 -1 140 -1 140 -1 140 -1 140 -1 140 -1 140 -1 -2
140 -1 27 -1 -2
67 -1 140 -1 45 -1 140 -1 6 -1 2 -1 140 -1 -2
140 -1 140 -1 55 -1 140 -1 140 -1 -2
114 -1 114 -1 114 -1 114 -1 75 -1 83 -1 86 -1 86 -1 73 -1 73 -1 73 -1 73 -1 141 -1 73 -1 136 -1 61 -1 140 -1 140 -1 114 -1 114 -1 140 -1 114 -1 114 -1 114 -1 114 -1 114 -1 114 -1 114 -1 114 -1 114 -1 140 -1 -2
61 -1 61 -1 61 -1 140 -1 -2
140 -1 140 -1 140 -1 140 -1 -2
140 -1 140 -1 140 -1 140 -1 -2
140 -1 140 -1 140 -1 140 -1 140 -1 140 -1 140 -1 140 -1 140 -1 140 -1 140 -1 114 -1 140 -1 -2
140 -1 140 -1 140 -1 140 -1 140 -1 140 -1 140 -1 140 -1 114 -1 140 -1 -2
140 -1 140 -1 140 -1 140 -1 140 -1 140 -1 140 -1 -2
140 -1 140 -1 140 -1 140 -1 140 -1 140 -1 140 -1 140 -1 140 -1 -2
140 -1 140 -1 -2
140 -1 140 -1 140 -1 140 -1 140 -1 140 -1 140 -1 -2
140 -1 140 -1 140 -1 140 -1 140 -1 140 -1 140 -1 140 -1 -2
140 -1 140 -1 140 -1 140 -1 34 -1 140 -1 140 -1 140 -1 140 -1 140 -1 140 -1 140 -1 140 -1 140 -1 140 -1 140 -1 140 -1 140 -1 140 -1 140 -1 -2
140 -1 140 -1 140 -1 140 -1 140 -1 140 -1 140 -1 140 -1 140 -1 140 -1 140 -1 140 -1 140 -1 -2
140 -1 140 -1 140 -1 114 -1 140 -1 140 -1 140 -1 140 -1 114 -1 114 -1 140 -1 140 -1 -2
114 -1 140 -1 140 -1 -2
140 -1 140 -1 140 -1 140 -1 140 -1 140 -1 140 -1 140 -1 140 -1 140 -1 -2
140 -1 140 -1 140 -1 140 -1 140 -1 140 -1 140 -1 140 -1 140 -1 -2
140 -1 140 -1 140 -1 140 -1 140 -1 140 -1 140 -1 140 -1 140 -1 140 -1 140 -1 140 -1 -2
140 -1 140 -1 140 -1 140 -1 140 -1 140 -1 140 -1 -2
140 -1 114 -1 114 -1 140 -1 114 -1 114 -1 114 -1 140 -1 140 -1 140 -1 140 -1 140 -1 114 -1 114 -1 -2
140 -1 140 -1 140 -1 140 -1 142 -1 142 -1 140 -1 140 -1 140 -1 140 -1 140 -1 140 -1 140 -1 140 -1 140 -1 -2
114 -1 114 -1 114 -1 114 -1 114 -1 114 -1 114 -1 140 -1 -2
140 -1 140 -1 140 -1 140 -1 140 -1 140 -1 140 -1 140 -1 140 -1 -2
140 -1 140 -1 -2
140 -1 -2
140 -1 61 -1 140 -1 140 -1 140 -1 140 -1 140 -1 140 -1 140 -1 114 -1 140 -1 140 -1 140 -1 140 -1 114 -1 -2
140 -1 114 -1 140 -1 140 -1 114 -1 114 -1 114 -1 114 -1 114 -1 114 -1 114 -1 140 -1 -2
140 -1 140 -1 140 -1 -2
114 -1 140 -1 -2
140 -1 -2
140 -1 -2
140 -1 140 -1 140 -1 -2
140 -1 -2
140 -1 140 -1 140 -1 140 -1 140 -1 9 -1 140 -1 140 -1 140 -1 7 -1 140 -1 -2
140 -1 140 -1 140 -1 140 -1 140 -1 140 -1 140 -1 140 -1 140 -1 140 -1 140 -1 -2
140 -1 -2
140 -1 -2
140 -1 140 -1 140 -1 140 -1 140 -1 140 -1 143 -1 140 -1 140 -1 -2
114 -1 114 -1 114 -1 114 -1 114 -1 114 -1 114 -1 114 -1 114 -1 114 -1 114 -1 114 -1 114 -1 140 -1 -2
140 -1 -2
140 -1 140 -1 140 -1 -2
140 -1 -2
140 -1 140 -1 -2
140 -1 140 -1 -2
114 -1 114 -1 114 -1 -2
140 -1 140 -1 9 -1 140 -1 140 -1 140 -1 140 -1 140 -1 140 -1 140 -1 -2
140 -1 -2
114 -1 -2
140 -1 -2
140 -1 -2
140 -1 140 -1 -2
114 -1 140 -1 140 -1 -2
140 -1 -2
140 -1 140 -1 140 -1 140 -1 114 -1 -2
140 -1 61 -1 -2
56 -1 56 -1 56 -1 56 -1 68 -1 114 -1 140 -1 140 -1 140 -1 140 -1 140 -1 140 -1 140 -1 -2
140 -1 140 -1 140 -1 140 -1 -2
140 -1 -2
140 -1 -2
140 -1 -2
79 -1 -2
140 -1 140 -1 140 -1 -2
140 -1 140 -1 140 -1 140 -1 140 -1 -2
140 -1 140 -1 140 -1 140 -1 140 -1 140 -1 140 -1 -2
140 -1 140 -1 140 -1 140 -1 140 -1 140 -1 140 -1 20 -1 140 -1 140 -1 140 -1 140 -1 140 -1 -2
140 -1 140 -1 140 -1 114 -1 114 -1 114 -1 114 -1 114 -1 140 -1 140 -1 140 -1 -2
140 -1 140 -1 140 -1 140 -1 140 -1 140 -1 140 -1 140 -1 -2
140 -1 140 -1 -2
140 -1 140 -1 -2
140 -1 140 -1 -2
140 -1 140 -1 140 -1 140 -1 140 -1 140 -1 140 -1 140 -1 140 -1 140 -1 140 -1 140 -1 140 -1 -2
140 -1 140 -1 140 -1 -2
140 -1 140 -1 140 -1 -2
140 -1 140 -1 140 -1 -2
140 -1 140 -1 140 -1 140 -1 140 -1 140 -1 140 -1 140 -1 140 -1 140 -1 140 -1 -2
140 -1 140 -1 140 -1 -2
143 -1 143 -1 114 -1 114 -1 140 -1 -2
140 -1 140 -1 140 -1 140 -1 140 -1 140 -1 -2
140 -1 140 -1 140 -1 -2
140 -1 140 -1 140 -1 140 -1 140 -1 -2
144 -1 144 -1 140 -1 140 -1 -2
113 -1 113 -1 113 -1 113 -1 113 -1 113 -1 113 -1 113 -1 113 -1 113 -1 113 -1 113 -1 113 -1 113 -1 113 -1 113 -1 113 -1 113 -1 113 -1 113 -1 113 -1 -2
113 -1 113 -1 113 -1 113 -1 113 -1 113 -1 113 -1 113 -1 113 -1 113 -1 113 -1 113 -1 -2
140 -1 140 -1 140 -1 140 -1 140 -1 140 -1 140 -1 140 -1 -2
114 -1 114 -1 114 -1 114 -1 114 -1 -2
45 -1 113 -1 113 -1 113 -1 36 -1 45 -1 45 -1 113 -1 145 -1 113 -1 113 -1 113 -1 45 -1 45 -1 36 -1 113 -1 -2
113 -1 113 -1 113 -1 113 -1 113 -1 113 -1 113 -1 113 -1 113 -1 -2
36 -1 45 -1 36 -1 36 -1 36 -1 36 -1 36 -1 45 -1 113 -1 113 -1 -2
113 -1 113 -1 113 -1 113 -1 -2
114 -1 146 -1 146 -1 146 -1 146 -1 146 -1 140 -1 -2
17 -1 114 -1 140 -1 140 -1 140 -1 140 -1 -2
24 -1 147 -1 147 -1 24 -1 -2
20 -1 63 -1 63 -1 63 -1 63 -1 63 -1 63 -1 63 -1 148 -1 -2
102 -1 -2
48 -1 48 -1 48 -1 48 -1 48 -1 149 -1 149 -1 48 -1 -2
24 -1 149 -1 149 -1 149 -1 24 -1 149 -1 -2
66 -1 123 -1 66 -1 -2
106 -1 106 -1 106 -1 106 -1 -2
69 -1 150 -1 -2
151 -1 151 -1 151 -1 151 -1 -2
151 -1 151 -1 -2
99 -1 24 -1 122 -1 122 -1 152 -1 -2
122 -1 152 -1 -2
122 -1 122 -1 122 -1 122 -1 -2
122 -1 122 -1 122 -1 122 -1 -2
122 -1 9 -1 -2
24 -1 153 -1 122 -1 122 -1 -2
153 -1 -2
122 -1 -2
122 -1 -2
122 -1 122 -1 122 -1 24 -1 -2
122 -1 -2
122 -1 122 -1 34 -1 -2
122 -1 122 -1 -2
122 -1 122 -1 -2
122 -1 122 -1 -2
53 -1 122 -1 -2
122 -1 -2
122 -1 -2
122 -1 122 -1 -2
122 -1 122 -1 122 -1 -2
122 -1 -2
122 -1 122 -1 122 -1 122 -1 122 -1 122 -1 122 -1 -2
122 -1 122 -1 122 -1 122 -1 122 -1 -2
122 -1 122 -1 122 -1 122 -1 -2
24 -1 -2
154 -1 122 -1 122 -1 122 -1 53 -1 -2
122 -1 122 -1 -2
122 -1 122 -1 122 -1 122 -1 122 -1 122 -1 122 -1 122 -1 -2
122 -1 -2
122 -1 122 -1 122 -1 99 -1 -2
34 -1 -2
122 -1 122 -1 122 -1 122 -1 -2
122 -1 -2
122 -1 -2
24 -1 99 -1 24 -1 40 -1 90 -1 90 -1 90 -1 90 -1 90 -1 -2
24 -1 90 -1 90 -1 90 -1 -2
90 -1 90 -1 90 -1 155 -1 7 -1 156 -1 -2
90 -1 90 -1 90 -1 90 -1 90 -1 90 -1 90 -1 -2
90 -1 90 -1 90 -1 90 -1 90 -1 90 -1 -2
24 -1 90 -1 90 -1 53 -1 90 -1 -2
90 -1 90 -1 73 -1 -2
82 -1 82 -1 24 -1 82 -1 71 -1 82 -1 -2
90 -1 90 -1 -2
90 -1 90 -1 51 -1 90 -1 -2
99 -1 24 -1 90 -1 24 -1 24 -1 -2
90 -1 51 -1 -2
24 -1 24 -1 90 -1 90 -1 53 -1 90 -1 90 -1 90 -1 -2
24 -1 90 -1 90 -1 -2
24 -1 24 -1 90 -1 90 -1 -2
33 -1 157 -1 90 -1 -2
90 -1 158 -1 -2
90 -1 90 -1 -2
90 -1 90 -1 -2
90 -1 50 -1 90 -1 90 -1 90 -1 -2
90 -1 90 -1 24 -1 24 -1 90 -1 90 -1 90 -1 -2
90 -1 90 -1 90 -1 90 -1 -2
90 -1 90 -1 90 -1 90 -1 90 -1 90 -1 90 -1 -2
158 -1 90 -1 -2
90 -1 90 -1 119 -1 90 -1 90 -1 90 -1 -2
90 -1 90 -1 90 -1 -2
90 -1 90 -1 90 -1 2 -1 -2
90 -1 90 -1 -2
159 -1 159 -1 159 -1 159 -1 159 -1 159 -1 159 -1 159 -1 159 -1 159 -1 159 -1 159 -1 159 -1 159 -1 159 -1 159 -1 159 -1 159 -1 159 -1 159 -1 159 -1 159 -1 159 -1 159 -1 159 -1 159 -1 159 -1 159 -1 159 -1 159 -1 159 -1 159 -1 -2
159 -1 159 -1 159 -1 159 -1 159 -1 159 -1 159 -1 159 -1 159 -1 159 -1 159 -1 159 -1 159 -1 159 -1 159 -1 159 -1 159 -1 159 -1 159 -1 159 -1 159 -1 159 -1 159 -1 159 -1 159 -1 159 -1 -2
159 -1 159 -1 159 -1 159 -1 159 -1 159 -1 159 -1 159 -1 159 -1 159 -1 159 -1 159 -1 159 -1 159 -1 159 -1 159 -1 159 -1 159 -1 30 -1 -2
159 -1 159 -1 -2
159 -1 -2
159 -1 159 -1 159 -1 -2
159 -1 159 -1 159 -1 114 -1 159 -1 159 -1 28 -1 159 -1 53 -1 -2
159 -1 159 -1 159 -1 -2
2 -1 131 -1 131 -1 159 -1 -2
159 -1 159 -1 159 -1 -2
159 -1 159 -1 159 -1 159 -1 -2
159 -1 159 -1 -2
159 -1 159 -1 -2
159 -1 159 -1 159 -1 -2
159 -1 -2
53 -1 24 -1 159 -1 53 -1 24 -1 159 -1 53 -1 24 -1 159 -1 159 -1 -2
159 -1 159 -1 159 -1 159 -1 159 -1 -2
159 -1 24 -1 159 -1 24 -1 159 -1 -2
159 -1 -2
159 -1 159 -1 -2
159 -1 159 -1 53 -1 24 -1 24 -1 53 -1 159 -1 159 -1 -2
159 -1 159 -1 159 -1 159 -1 159 -1 -2
159 -1 -2
159 -1 159 -1 -2
159 -1 159 -1 -2
159 -1 -2
159 -1 159 -1 -2
159 -1 159 -1 -2
159 -1 -2
159 -1 159 -1 -2
159 -1 159 -1 159 -1 159 -1 159 -1 159 -1 -2
12 -1 140 -1 160 -1 -2
12 -1 140 -1 160 -1 127 -1 127 -1 160 -1 160 -1 160 -1 160 -1 -2
160 -1 160 -1 19 -1 161 -1 24 -1 40 -1 160 -1 160 -1 160 -1 160 -1 -2
12 -1 160 -1 160 -1 -2
12 -1 140 -1 160 -1 160 -1 160 -1 160 -1 160 -1 160 -1 160 -1 160 -1 -2
12 -1 140 -1 160 -1 -2
160 -1 68 -1 160 -1 160 -1 160 -1 160 -1 145 -1 160 -1 160 -1 160 -1 160 -1 160 -1 160 -1 160 -1 -2
160 -1 68 -1 160 -1 160 -1 160 -1 160 -1 160 -1 160 -1 -2
116 -1 116 -1 116 -1 117 -1 86 -1 24 -1 14 -1 117 -1 116 -1 116 -1 53 -1 24 -1 24 -1 24 -1 122 -1 122 -1 122 -1 24 -1 40 -1 160 -1 160 -1 -2
160 -1 24 -1 24 -1 24 -1 24 -1 24 -1 162 -1 162 -1 24 -1 24 -1 24 -1 160 -1 160 -1 160 -1 160 -1 160 -1 24 -1 24 -1 160 -1 160 -1 160 -1 160 -1 160 -1 24 -1 160 -1 -2
44 -1 163 -1 145 -1 160 -1 163 -1 -2
19 -1 19 -1 163 -1 -2
42 -1 40 -1 163 -1 163 -1 163 -1 153 -1 -2
160 -1 163 -1 160 -1 163 -1 163 -1 163 -1 163 -1 163 -1 67 -1 163 -1 -2
122 -1 122 -1 153 -1 153 -1 153 -1 -2
153 -1 153 -1 153 -1 153 -1 -2
122 -1 153 -1 153 -1 153 -1 -2
153 -1 153 -1 -2
90 -1 19 -1 153 -1 40 -1 -2
145 -1 55 -1 145 -1 127 -1 -2
145 -1 145 -1 145 -1 145 -1 145 -1 145 -1 -2
145 -1 145 -1 145 -1 145 -1 145 -1 145 -1 145 -1 145 -1 145 -1 -2
145 -1 145 -1 145 -1 -2
145 -1 164 -1 122 -1 145 -1 145 -1 -2
145 -1 145 -1 145 -1 145 -1 145 -1 145 -1 145 -1 145 -1 145 -1 60 -1 145 -1 145 -1 145 -1 145 -1 145 -1 145 -1 145 -1 145 -1 145 -1 145 -1 145 -1 145 -1 145 -1 145 -1 145 -1 145 -1 145 -1 145 -1 145 -1 145 -1 145 -1 145 -1 145 -1 145 -1 145 -1 145 -1 -2
165 -1 145 -1 145 -1 145 -1 145 -1 145 -1 145 -1 145 -1 145 -1 145 -1 -2
145 -1 145 -1 145 -1 145 -1 145 -1 145 -1 145 -1 145 -1 145 -1 145 -1 145 -1 145 -1 145 -1 145 -1 -2
145 -1 145 -1 145 -1 145 -1 145 -1 145 -1 145 -1 145 -1 145 -1 145 -1 145 -1 145 -1 145 -1 145 -1 145 -1 145 -1 145 -1 145 -1 145 -1 145 -1 145 -1 145 -1 145 -1 145 -1 145 -1 145 -1 145 -1 145 -1 145 -1 145 -1 145 -1 -2
145 -1 145 -1 145 -1 145 -1 145 -1 -2
145 -1 145 -1 145 -1 -2
145 -1 145 -1 -2
145 -1 145 -1 145 -1 145 -1 145 -1 145 -1 145 -1 145 -1 145 -1 145 -1 145 -1 -2
145 -1 145 -1 19 -1 19 -1 -2
145 -1 -2
145 -1 145 -1 145 -1 145 -1 145 -1 145 -1 145 -1 145 -1 145 -1 145 -1 145 -1 145 -1 145 -1 145 -1 145 -1 145 -1 145 -1 145 -1 145 -1 145 -1 145 -1 145 -1 145 -1 145 -1 145 -1 145 -1 145 -1 145 -1 145 -1 145 -1 145 -1 145 -1 145 -1 -2
145 -1 -2
145 -1 145 -1 145 -1 145 -1 145 -1 145 -1 145 -1 145 -1 145 -1 145 -1 145 -1 145 -1 145 -1 145 -1 145 -1 145 -1 145 -1 145 -1 145 -1 145 -1 145 -1 145 -1 145 -1 145 -1 -2
145 -1 -2
145 -1 9 -1 -2
145 -1 -2
145 -1 160 -1 145 -1 145 -1 145 -1 145 -1 145 -1 145 -1 145 -1 145 -1 145 -1 145 -1 145 -1 145 -1 -2
145 -1 145 -1 145 -1 145 -1 145 -1 9 -1 -2
145 -1 145 -1 145 -1 -2
145 -1 145 -1 145 -1 145 -1 145 -1 145 -1 145 -1 145 -1 145 -1 145 -1 145 -1 145 -1 145 -1 145 -1 -2
9 -1 -2
145 -1 145 -1 145 -1 145 -1 145 -1 145 -1 145 -1 145 -1 145 -1 145 -1 -2
145 -1 145 -1 -2
145 -1 145 -1 145 -1 145 -1 145 -1 145 -1 145 -1 145 -1 145 -1 145 -1 -2
33 -1 -2
33 -1 -2
33 -1 -2
33 -1 -2
33 -1 -2
24 -1 24 -1 85 -1 158 -1 158 -1 158 -1 158 -1 158 -1 158 -1 158 -1 93 -1 158 -1 -2
158 -1 24 -1 158 -1 158 -1 158 -1 158 -1 53 -1 158 -1 -2
24 -1 158 -1 158 -1 158 -1 158 -1 158 -1 158 -1 158 -1 158 -1 158 -1 158 -1 -2
158 -1 73 -1 158 -1 158 -1 90 -1 158 -1 158 -1 -2
53 -1 53 -1 158 -1 -2
24 -1 158 -1 158 -1 158 -1 -2
24 -1 158 -1 158 -1 -2
158 -1 15 -1 166 -1 158 -1 -2
158 -1 158 -1 158 -1 158 -1 158 -1 158 -1 158 -1 158 -1 -2
158 -1 158 -1 158 -1 158 -1 158 -1 158 -1 158 -1 -2
24 -1 158 -1 26 -1 67 -1 158 -1 -2
158 -1 158 -1 158 -1 158 -1 158 -1 -2
158 -1 53 -1 -2
53 -1 -2
24 -1 24 -1 53 -1 -2
24 -1 158 -1 158 -1 53 -1 -2
24 -1 53 -1 -2
24 -1 122 -1 158 -1 93 -1 -2
158 -1 -2
158 -1 -2
83 -1 -2
158 -1 158 -1 95 -1 53 -1 -2
158 -1 53 -1 -2
158 -1 158 -1 53 -1 -2
158 -1 -2
93 -1 -2
158 -1 158 -1 158 -1 158 -1 158 -1 158 -1 79 -1 158 -1 -2
158 -1 158 -1 53 -1 -2
158 -1 158 -1 158 -1 158 -1 158 -1 158 -1 158 -1 93 -1 -2
158 -1 158 -1 158 -1 158 -1 158 -1 158 -1 158 -1 158 -1 158 -1 158 -1 -2
158 -1 90 -1 93 -1 -2
158 -1 158 -1 158 -1 158 -1 158 -1 158 -1 158 -1 93 -1 -2
158 -1 158 -1 158 -1 158 -1 93 -1 -2
167 -1 86 -1 158 -1 158 -1 53 -1 -2
158 -1 -2
158 -1 53 -1 -2
158 -1 53 -1 -2
53 -1 -2
158 -1 158 -1 158 -1 -2
158 -1 158 -1 158 -1 158 -1 158 -1 158 -1 158 -1 158 -1 158 -1 -2
53 -1 -2
53 -1 -2
99 -1 53 -1 -2
24 -1 24 -1 24 -1 158 -1 -2
158 -1 158 -1 158 -1 159 -1 153 -1 158 -1 158 -1 158 -1 158 -1 158 -1 158 -1 -2
158 -1 158 -1 158 -1 158 -1 158 -1 158 -1 158 -1 158 -1 -2
65 -1 121 -1 -2
130 -1 130 -1 121 -1 -2
95 -1 95 -1 95 -1 87 -1 95 -1 82 -1 71 -1 71 -1 91 -1 121 -1 -2
168 -1 121 -1 -2
91 -1 121 -1 -2
169 -1 130 -1 121 -1 -2
42 -1 24 -1 42 -1 40 -1 168 -1 169 -1 121 -1 -2
24 -1 169 -1 19 -1 19 -1 19 -1 19 -1 19 -1 19 -1 19 -1 74 -1 169 -1 130 -1 121 -1 -2
169 -1 65 -1 169 -1 169 -1 74 -1 169 -1 169 -1 169 -1 130 -1 121 -1 -2
95 -1 130 -1 121 -1 -2
130 -1 130 -1 130 -1 130 -1 121 -1 -2
170 -1 37 -1 91 -1 -2
130 -1 130 -1 130 -1 130 -1 130 -1 -2
24 -1 53 -1 130 -1 130 -1 -2
24 -1 171 -1 171 -1 171 -1 -2
24 -1 130 -1 130 -1 130 -1 -2
130 -1 -2
24 -1 40 -1 53 -1 53 -1 24 -1 172 -1 130 -1 -2
160 -1 161 -1 161 -1 -2
160 -1 161 -1 30 -1 30 -1 30 -1 30 -1 -2
161 -1 -2
24 -1 157 -1 24 -1 24 -1 157 -1 157 -1 -2
121 -1 130 -1 -2
24 -1 173 -1 173 -1 -2
130 -1 -2
95 -1 95 -1 -2
130 -1 -2
130 -1 -2
95 -1 95 -1 -2
24 -1 173 -1 173 -1 173 -1 173 -1 173 -1 173 -1 173 -1 173 -1 173 -1 173 -1 173 -1 -2
173 -1 173 -1 173 -1 173 -1 173 -1 173 -1 -2
157 -1 157 -1 157 -1 157 -1 157 -1 157 -1 -2
161 -1 -2
171 -1 171 -1 -2
161 -1 -2
24 -1 -2
157 -1 157 -1 -2
161 -1 -2
161 -1 -2
161 -1 -2
130 -1 95 -1 -2
92 -1 130 -1 130 -1 157 -1 157 -1 157 -1 157 -1 157 -1 157 -1 157 -1 157 -1 -2
19 -1 24 -1 174 -1 110 -1 -2
19 -1 24 -1 24 -1 19 -1 161 -1 161 -1 161 -1 -2
24 -1 94 -1 94 -1 171 -1 171 -1 -2
161 -1 161 -1 161 -1 161 -1 161 -1 -2
161 -1 -2
169 -1 -2
161 -1 -2
157 -1 157 -1 157 -1 157 -1 157 -1 157 -1 157 -1 157 -1 157 -1 157 -1 157 -1 157 -1 157 -1 157 -1 157 -1 157 -1 157 -1 157 -1 157 -1 157 -1 157 -1 157 -1 157 -1 157 -1 157 -1 157 -1 157 -1 -2
157 -1 157 -1 157 -1 157 -1 -2
157 -1 157 -1 157 -1 157 -1 157 -1 -2
173 -1 -2
157 -1 -2
157 -1 -2
161 -1 161 -1 -2
161 -1 -2
161 -1 -2
24 -1 171 -1 53 -1 -2
171 -1 171 -1 171 -1 171 -1 -2
130 -1 -2
94 -1 130 -1 130 -1 130 -1 -2
130 -1 130 -1 130 -1 130 -1 130 -1 130 -1 130 -1 130 -1 -2
130 -1 130 -1 130 -1 130 -1 130 -1 130 -1 130 -1 130 -1 130 -1 130 -1 130 -1 130 -1 130 -1 130 -1 130 -1 130 -1 130 -1 130 -1 130 -1 130 -1 130 -1 130 -1 130 -1 130 -1 -2
98 -1 98 -1 -2
17 -1 41 -1 41 -1 87 -1 91 -1 91 -1 91 -1 -2
